0.216362173D-1 0.354680738D0 0.196601089D1 0.151186695D1 
0.538522614D-2 0.204932204D2 0.312512793D0 0.585096960D-1 
0.189126792D0 0.967919462D0 0.865000764D1 0.595243709D1 
0.106451059D1 0.130092895D-1 0.719216532D0 0.223447180D0 
0.722822678D1 0.076173191D1 0.720652768D1 0.356837645D1 
0.848757944D-1 0.014154405D0 0.809627064D-1 0.050591851D-1 
0.390377597D0 0.254950147D1 0.759444435D0 0.810530173D0 
0.588913407D0 0.337507173D1 0.994440212D1 0.645519847D1 
0.258855797D1 0.294999542D0 0.961508203D0 0.136404178D-1 
0.809215208D0 0.258249291D-1 0.531722504D1 0.620442590D0 
0.291182094D0 0.092804881D1 0.655284251D1 0.314583128D1 
0.249524798D-1 0.419156414D0 0.260783295D1 0.228575934D-1 
0.143825919D1 0.250991186D0 0.111399302D-1 0.318800511D-1 
0.867312119D-1 0.035894681D2 0.583292441D2 0.943248155D-1 
0.627100052D-1 0.307127470D0 0.019572029D0 0.871906439D-1 
0.351257617D0 0.239833009D-1 0.166669466D0 0.739268098D0 
0.551452204D0 0.655095980D-1 0.604416994D0 0.411342527D0 
0.913232675D0 0.971063431D0 0.619192226D1 0.053600860D0 
0.706425079D-1 0.075562048D0 0.353491708D0 0.502903786D0 
0.112148014D0 0.469044353D0 0.786574538D-1 0.734897045D-1 
0.122610302D0 0.684207005D1 0.029351861D0 0.177808741D-1 
0.436384492D0 0.884125676D0 0.900671937D-1 0.850883354D0 
0.019942897D0 0.451325777D0 0.734429375D0 0.299757720D1 
0.433839116D0 0.425527789D-1 0.359839696D1 0.187052463D-1 
0.711081828D1 0.747176599D-1 0.385280371D0 0.714350119D1 
0.976507831D1 0.690031493D0 0.475097893D1 0.733897543D-1 
0.948560206D0 0.708032572D-1 0.862547476D0 0.519028658D-1 
0.100500030D0 0.472670916D-1 0.160533033D1 0.468501936D0 
0.823949968D0 0.019405936D1 0.097940347D0 0.719615169D0 
0.474161812D0 0.635353532D1 0.398611482D-1 0.241263155D0 
0.243118912D0 0.342528576D0 0.219660957D1 0.038921156D1 
0.607210521D1 0.017676470D1 0.501017117D-1 0.660999965D1 
0.266060216D0 0.867875771D1 0.412281720D1 0.378063261D0 
0.071118325D1 0.061630966D1 0.327041146D-1 0.951980816D1 
0.643690746D0 0.057252731D0 0.810576739D1 0.937159622D0 
0.276850011D0 0.257730610D0 0.579484355D0 0.634833939D0 
0.076896259D0 0.501760551D1 0.873415871D0 0.185055559D1 
0.175498347D0 0.935374750D0 0.743875274D-1 0.889705654D-2 
0.980829863D1 0.144967213D-1 0.521169519D-1 0.912558143D0 
0.532097801D1 0.287353084D0 0.866674675D0 0.525777550D0 
0.361930970D0 0.641079407D-1 0.122391632D1 0.019063143D-1 
0.451160800D-1 0.096276110D0 0.269985892D-1 0.923101276D1 
0.507597209D-1 0.607315004D-1 0.125549889D0 0.254766301D0 
0.688295599D1 0.415285377D-1 0.147648321D1 0.966738630D-1 
0.752926911D0 0.136983034D0 0.123909095D0 0.015586916D0 
0.384993781D1 0.594809715D-1 0.942604937D0 0.643105723D1 
0.086742099D0 0.669085899D1 0.386106195D0 0.617571623D1 
0.604534921D0 0.973638001D-1 0.193514477D0 0.617909590D1 
0.723846134D0 0.473961549D0 0.699191267D1 0.918379810D-1 
0.698001924D-1 0.647691245D-1 0.867877581D0 0.388924971D0 
